998
687
36
649
716
896
969
281
484
635
759
64
1018
418
562
320
326
710
700
577
894
444
585
548
101
875
395
196
501
1000
984
718
607
504
709
900
299
918
663
716
757
978
489
616
837
902
921
495
163
667
952
445
696
946
604
422
601
683
13
1021
1011
199
586
195
784
253
387
733
576
648
49
568
560
1007
742
236
572
58
483
801
132
949
255
289
255
1019
301
24
546
339
551
280
960
917
445
437
660
145
981
719
141
834
157
956
288
806
248
573
382
103
639
586
1015
289
719
757
89
51
222
16
440
70
163
458
415
954
186
101
379
478
397
538
637
233
118
967
617
57
545
563
521
379
295
268
128
743
692
505
727
704
